30 30
1 1 200 200 200 200 200 200 200 200 200 200 200 200 200 200 200 200 200 200 200 200 200 200 200 200 200 200 200 200 
200 1 200 200 200 200 1 1 1 1 1 1 1 1 1 1 1 1 200 1 1 200 200 200 1 1 1 1 1 200 
200 1 200 200 200 200 1 200 200 200 200 200 200 200 200 200 200 1 200 1 1 1 200 200 1 200 200 200 1 200 
200 1 200 200 200 200 1 200 1 1 1 1 1 1 1 1 200 1 200 1 200 1 200 200 1 200 200 200 1 200 
200 1 200 200 200 200 1 200 1 200 200 200 200 200 200 1 200 1 200 1 200 1 200 200 1 200 200 200 1 200 
200 1 200 200 200 200 1 200 1 200 200 200 200 200 200 1 200 1 200 1 200 1 200 200 1 200 200 200 1 200 
200 1 200 200 200 200 1 200 1 200 200 200 200 200 200 1 200 1 200 1 200 1 1 200 1 200 200 200 1 200 
200 1 200 200 200 200 1 200 1 200 200 200 200 200 200 1 200 1 200 1 200 1 1 200 1 200 200 200 1 200 
200 1 200 200 200 200 1 200 1 200 200 200 200 200 200 1 200 1 200 1 200 1 1 200 1 200 200 200 1 200 
200 1 200 200 200 200 1 200 1 200 200 200 200 200 200 1 200 1 200 1 200 1 1 200 1 200 200 200 1 200 
200 1 200 200 200 200 1 200 1 200 200 200 200 200 200 1 200 1 200 1 200 1 200 200 1 200 200 200 1 200 
200 1 200 200 200 200 1 200 1 200 200 200 200 200 200 1 200 1 200 1 200 1 200 200 1 200 200 200 1 200 
200 1 200 200 200 200 1 200 1 200 200 200 200 200 200 1 200 1 200 1 200 1 200 200 1 200 200 200 1 200 
200 1 200 200 200 200 1 200 1 200 200 200 200 200 200 1 200 1 200 1 200 1 200 1 1 200 200 200 1 200 
200 1 1 1 1 200 1 200 1 200 200 200 200 200 200 1 1 1 200 1 200 1 200 1 200 200 200 200 1 200 
200 200 200 200 1 1 1 200 1 200 200 200 200 200 200 200 200 200 200 1 200 1 200 1 200 200 200 200 1 200 
200 200 200 200 200 200 200 200 1 200 200 200 200 200 200 200 200 1 1 1 200 1 200 1 200 200 200 200 1 200 
200 1 1 1 1 1 200 200 1 200 200 200 200 200 200 200 200 1 200 200 200 1 200 1 200 200 200 200 1 200 
200 1 200 200 200 1 200 200 1 200 200 200 200 200 200 200 200 1 200 200 200 1 200 1 200 200 200 200 1 200 
200 1 200 1 200 1 200 200 1 1 1 1 1 1 1 1 1 1 200 200 200 1 200 1 1 1 1 200 1 200 
200 1 200 1 200 1 200 200 200 200 200 200 200 200 200 200 200 200 200 200 200 1 200 200 200 200 200 200 1 200 
200 1 200 1 200 1 200 200 200 200 200 200 200 200 200 200 200 1 1 200 1 1 200 200 200 200 200 200 1 200 
200 1 200 1 200 1 1 1 1 1 1 1 1 1 1 1 1 1 1 1 1 200 200 200 200 200 200 1 1 200 
200 1 200 1 200 200 200 200 200 200 200 200 200 200 200 200 200 200 200 200 200 200 200 200 200 200 200 200 1 200 
200 1 200 1 200 200 200 200 200 200 200 200 200 200 200 200 200 200 200 200 200 200 200 200 200 200 200 1 1 200 
200 1 200 1 1 200 200 200 1 1 1 1 1 1 1 1 1 1 200 200 200 200 200 200 200 200 200 1 200 200 
200 1 200 200 1 1 1 1 1 1 200 200 200 200 200 200 200 1 200 200 1 1 1 1 1 1 200 1 200 200 
200 1 200 200 200 200 200 200 200 200 200 200 200 200 200 200 200 1 1 1 1 200 200 200 200 200 200 1 200 200 
200 1 1 1 1 1 1 1 1 1 1 1 1 1 1 1 1 1 200 200 1 1 1 1 1 1 1 1 1 1 
200 200 200 200 200 200 200 200 200 200 200 200 200 200 200 200 200 200 200 200 200 200 200 200 200 200 200 200 200 1